[data] local arrow source: 80 shards (first=openwebtext-train-00000-of-00080.arrow)
paired 491,520 tokens (full 491,520, span 491,520)
offsets from budget_web_reach1 over 480 rows; 480 paired tokens have none

depth 6:  CE full 4.2181   CE span 4.3975   gap +0.1794 nats [+0.1741, +0.1847]
   offset      n        gap        95% CI
        0    24,338   +0.1246  [+0.1143, +0.1342]
        1    24,584   +0.6823  [+0.6588, +0.7136]
        2    24,546   +0.3936  [+0.3698, +0.4216]
        3    24,504   +0.2867  [+0.2678, +0.3060]
        4    23,343   +0.2456  [+0.2327, +0.2611]
        5    22,646   +0.2209  [+0.2064, +0.2346]
        6    21,799   +0.1787  [+0.1652, +0.1906]
        7    21,034   +0.1541  [+0.1429, +0.1662]
       8+   304,246   +0.1108  [+0.1064, +0.1149]

depth 1:  CE full 4.2735   CE span 4.4300   gap +0.1565 nats [+0.1513, +0.1618]
   offset      n        gap        95% CI
        0    24,338   +0.1049  [+0.0943, +0.1146]
        1    24,584   +0.6345  [+0.6099, +0.6625]
        2    24,546   +0.3491  [+0.3273, +0.3740]
        3    24,504   +0.2507  [+0.2332, +0.2674]
        4    23,343   +0.2157  [+0.2035, +0.2304]
        5    22,646   +0.1910  [+0.1775, +0.2054]
        6    21,799   +0.1548  [+0.1395, +0.1667]
        7    21,034   +0.1287  [+0.1164, +0.1405]
       8+   304,246   +0.0937  [+0.0896, +0.0978]

wrote lab/experiments/results/2026-09-21-span-reach/span_budget_profile_span-h_vs_reach1_5000.json
