paired 491,520 tokens (full 491,520, span 491,520)
offsets from budget_web_reach1_coda over 480 rows; 480 paired tokens have none

depth 6:  CE full 4.4415   CE span 4.5495   gap +0.1080 nats [+0.1047, +0.1117]
   offset      n        gap        95% CI
        0    24,338   +0.0566  [+0.0509, +0.0626]
        1    24,584   +0.6066  [+0.5865, +0.6294]
        2    24,546   +0.2874  [+0.2670, +0.3112]
        3    24,504   +0.2110  [+0.1978, +0.2245]
        4    23,343   +0.1624  [+0.1527, +0.1732]
        5    22,646   +0.1402  [+0.1299, +0.1498]
        6    21,799   +0.1130  [+0.1050, +0.1212]
        7    21,034   +0.0939  [+0.0864, +0.1013]
       8+   304,246   +0.0432  [+0.0414, +0.0450]

depth 1:  CE full 4.4680   CE span 4.5808   gap +0.1128 nats [+0.1094, +0.1167]
   offset      n        gap        95% CI
        0    24,338   +0.0582  [+0.0516, +0.0649]
        1    24,584   +0.6549  [+0.6307, +0.6793]
        2    24,546   +0.3003  [+0.2778, +0.3260]
        3    24,504   +0.2199  [+0.2064, +0.2339]
        4    23,343   +0.1670  [+0.1560, +0.1774]
        5    22,646   +0.1449  [+0.1350, +0.1545]
        6    21,799   +0.1169  [+0.1080, +0.1257]
        7    21,034   +0.0949  [+0.0870, +0.1023]
       8+   304,246   +0.0441  [+0.0422, +0.0460]

wrote lab/experiments/results/2026-09-21-span-reach/span_budget_profile_swap_coda-as-span_vs_coda-native_5000.json
