paired 491,520 tokens (full 491,520, span 491,520)
offsets from budget_web_span over 480 rows; 480 paired tokens have none

depth 6:  CE full 4.3963   CE span 4.3974   gap +0.0011 nats [+0.0010, +0.0012]
   offset      n        gap        95% CI
        0    24,338   +0.0006  [+0.0002, +0.0010]
        1    24,584   +0.0039  [+0.0031, +0.0047]
        2    24,546   +0.0028  [+0.0023, +0.0033]
        3    24,504   +0.0023  [+0.0016, +0.0029]
        4    23,343   +0.0026  [+0.0020, +0.0033]
        5    22,646   +0.0018  [+0.0013, +0.0023]
        6    21,799   +0.0012  [+0.0006, +0.0017]
        7    21,034   +0.0008  [+0.0003, +0.0014]
       8+   304,246   +0.0005  [+0.0004, +0.0007]

depth 1:  CE full 4.4284   CE span 4.4299   gap +0.0015 nats [+0.0014, +0.0017]
   offset      n        gap        95% CI
        0    24,338   +0.0012  [+0.0006, +0.0018]
        1    24,584   +0.0055  [+0.0045, +0.0065]
        2    24,546   +0.0035  [+0.0028, +0.0041]
        3    24,504   +0.0030  [+0.0022, +0.0038]
        4    23,343   +0.0035  [+0.0027, +0.0044]
        5    22,646   +0.0024  [+0.0017, +0.0031]
        6    21,799   +0.0018  [+0.0011, +0.0025]
        7    21,034   +0.0011  [+0.0003, +0.0017]
       8+   304,246   +0.0008  [+0.0006, +0.0010]

wrote lab/experiments/results/2026-09-21-span-reach/span_budget_profile_swap_span-h-as-coda_vs_span-h-native_5000.json
