[data] local arrow source: 80 shards (first=openwebtext-train-00000-of-00080.arrow)
paired 491,520 tokens (full 491,520, span 491,520)
offsets from budget_web_reachall over 480 rows; 480 paired tokens have none

depth 6:  CE full 4.0922   CE span 4.2181   gap +0.1259 nats [+0.1173, +0.1365]
   offset      n        gap        95% CI
        0    24,338   +0.0866  [+0.0760, +0.0988]
        1    24,584   +0.1253  [+0.1053, +0.1464]
        2    24,546   +0.1974  [+0.1724, +0.2245]
        3    24,504   +0.1969  [+0.1760, +0.2201]
        4    23,343   +0.1609  [+0.1436, +0.1799]
        5    22,646   +0.1376  [+0.1221, +0.1547]
        6    21,799   +0.1339  [+0.1189, +0.1503]
        7    21,034   +0.1261  [+0.1101, +0.1413]
       8+   304,246   +0.1135  [+0.1045, +0.1248]

depth 1:  CE full 4.1300   CE span 4.2735   gap +0.1435 nats [+0.1345, +0.1543]
   offset      n        gap        95% CI
        0    24,338   +0.1088  [+0.0970, +0.1229]
        1    24,584   +0.1358  [+0.1139, +0.1590]
        2    24,546   +0.2145  [+0.1892, +0.2446]
        3    24,504   +0.2159  [+0.1951, +0.2410]
        4    23,343   +0.1797  [+0.1619, +0.1994]
        5    22,646   +0.1609  [+0.1443, +0.1791]
        6    21,799   +0.1494  [+0.1334, +0.1669]
        7    21,034   +0.1443  [+0.1275, +0.1601]
       8+   304,246   +0.1308  [+0.1220, +0.1420]

wrote lab/experiments/results/2026-09-21-span-reach/span_budget_profile_reach1_vs_reachall_5000.json
