paired 501,106 tokens (full 501,106, span 519,340)
offsets from budget_web_full over 480 rows; 10,066 paired tokens have none

depth 6:  CE full 4.3474   CE span 4.3203   gap -0.0271 nats [-0.0297, -0.0243]
   offset      n        gap        95% CI
        0    24,338   -0.0049  [-0.0116, +0.0023]
        1    24,584   -0.0110  [-0.0214, -0.0017]
        2    24,546   -0.0136  [-0.0247, -0.0030]
        3    24,504   -0.0310  [-0.0407, -0.0213]
        4    23,343   -0.0274  [-0.0381, -0.0177]
        5    22,646   -0.0270  [-0.0382, -0.0173]
        6    21,799   -0.0302  [-0.0421, -0.0188]
        7    21,034   -0.0216  [-0.0314, -0.0106]
