=== THE GRID: answer-cell accuracy (solve rate) by rating bucket x forced depth T

sud-mask @ 1500   (trained depth 12)
bucket            T=1            T=2            T=3            T=4            T=6            T=9           T=12           T=16
  0    0.7349 (0.000) 0.7502 (0.000) 0.7505 (0.000) 0.7511 (0.000) 0.7508 (0.000) 0.7509 (0.000) 0.7510 (0.000) 0.7513 (0.000)
  1    0.7235 (0.000) 0.7379 (0.000) 0.7386 (0.000) 0.7390 (0.000) 0.7386 (0.000) 0.7392 (0.000) 0.7390 (0.000) 0.7387 (0.000)
  2    0.7286 (0.000) 0.7423 (0.000) 0.7433 (0.000) 0.7441 (0.000) 0.7443 (0.000) 0.7440 (0.000) 0.7443 (0.000) 0.7443 (0.000)
  3    0.7174 (0.000) 0.7330 (0.000) 0.7339 (0.000) 0.7339 (0.000) 0.7344 (0.000) 0.7343 (0.000) 0.7345 (0.000) 0.7341 (0.000)
  4    0.7184 (0.000) 0.7335 (0.000) 0.7343 (0.000) 0.7344 (0.000) 0.7340 (0.000) 0.7341 (0.000) 0.7344 (0.000) 0.7343 (0.000)
  all  0.7246 (0.000) 0.7394 (0.000) 0.7401 (0.000) 0.7405 (0.000) 0.7404 (0.000) 0.7405 (0.000) 0.7406 (0.000) 0.7406 (0.000)
  ce_ans         0.5881         0.5379         0.5349         0.5340         0.5334         0.5334         0.5333         0.5334

sud-mask @ 3000   (trained depth 12)
bucket            T=1            T=2            T=3            T=4            T=6            T=9           T=12           T=16
  0    0.7724 (0.002) 0.7818 (0.003) 0.7815 (0.002) 0.7812 (0.002) 0.7819 (0.002) 0.7820 (0.002) 0.7816 (0.002) 0.7818 (0.002)
  1    0.7600 (0.000) 0.7694 (0.000) 0.7704 (0.000) 0.7696 (0.000) 0.7702 (0.000) 0.7701 (0.000) 0.7706 (0.000) 0.7708 (0.000)
  2    0.7641 (0.000) 0.7752 (0.000) 0.7759 (0.000) 0.7764 (0.000) 0.7757 (0.000) 0.7758 (0.000) 0.7756 (0.000) 0.7759 (0.000)
  3    0.7550 (0.000) 0.7650 (0.000) 0.7653 (0.000) 0.7649 (0.000) 0.7654 (0.000) 0.7650 (0.000) 0.7653 (0.000) 0.7646 (0.000)
  4    0.7561 (0.000) 0.7646 (0.000) 0.7659 (0.000) 0.7659 (0.000) 0.7660 (0.000) 0.7660 (0.000) 0.7657 (0.000) 0.7657 (0.000)
  all  0.7615 (0.000) 0.7712 (0.001) 0.7718 (0.000) 0.7716 (0.000) 0.7719 (0.000) 0.7718 (0.000) 0.7718 (0.000) 0.7718 (0.000)
  ce_ans         0.4901         0.4601         0.4592         0.4591         0.4589         0.4589         0.4590         0.4590

sud-mask @ 4500   (trained depth 12)
bucket            T=1            T=2            T=3            T=4            T=6            T=9           T=12           T=16
  0    0.7888 (0.002) 0.7953 (0.003) 0.7952 (0.002) 0.7950 (0.002) 0.7943 (0.002) 0.7952 (0.002) 0.7953 (0.002) 0.7951 (0.003)
  1    0.7754 (0.000) 0.7820 (0.000) 0.7819 (0.000) 0.7823 (0.000) 0.7826 (0.000) 0.7826 (0.000) 0.7822 (0.000) 0.7824 (0.000)
  2    0.7792 (0.000) 0.7870 (0.000) 0.7868 (0.000) 0.7867 (0.000) 0.7869 (0.000) 0.7875 (0.000) 0.7868 (0.000) 0.7872 (0.000)
  3    0.7707 (0.000) 0.7795 (0.000) 0.7804 (0.000) 0.7798 (0.000) 0.7795 (0.000) 0.7796 (0.000) 0.7799 (0.000) 0.7797 (0.000)
  4    0.7704 (0.000) 0.7771 (0.000) 0.7769 (0.000) 0.7776 (0.000) 0.7775 (0.000) 0.7777 (0.000) 0.7775 (0.000) 0.7780 (0.000)
  all  0.7769 (0.000) 0.7842 (0.001) 0.7843 (0.000) 0.7843 (0.000) 0.7842 (0.000) 0.7845 (0.000) 0.7844 (0.000) 0.7845 (0.001)
  ce_ans         0.4593         0.4343         0.4338         0.4337         0.4335         0.4335         0.4336         0.4335

sud-mask @ 6000   (trained depth 12)
bucket            T=1            T=2            T=3            T=4            T=6            T=9           T=12           T=16
  0    0.7914 (0.000) 0.7979 (0.005) 0.7981 (0.007) 0.7979 (0.007) 0.7984 (0.003) 0.7981 (0.005) 0.7984 (0.003) 0.7982 (0.002)
  1    0.7786 (0.000) 0.7860 (0.000) 0.7872 (0.000) 0.7865 (0.000) 0.7872 (0.000) 0.7864 (0.000) 0.7861 (0.000) 0.7862 (0.000)
  2    0.7801 (0.000) 0.7875 (0.000) 0.7874 (0.000) 0.7874 (0.000) 0.7871 (0.000) 0.7871 (0.000) 0.7872 (0.000) 0.7874 (0.000)
  3    0.7738 (0.000) 0.7801 (0.000) 0.7796 (0.000) 0.7799 (0.000) 0.7804 (0.000) 0.7798 (0.000) 0.7796 (0.000) 0.7799 (0.000)
  4    0.7756 (0.000) 0.7809 (0.000) 0.7813 (0.000) 0.7809 (0.000) 0.7809 (0.000) 0.7811 (0.000) 0.7810 (0.000) 0.7811 (0.000)
  all  0.7799 (0.000) 0.7865 (0.001) 0.7867 (0.001) 0.7865 (0.001) 0.7868 (0.001) 0.7865 (0.001) 0.7865 (0.001) 0.7865 (0.000)
  ce_ans         0.4534         0.4288         0.4284         0.4282         0.4281         0.4282         0.4282         0.4283

sud-notul @ 1500   (trained depth 6)
bucket            T=1            T=2            T=3            T=4            T=6            T=9           T=12           T=16
  0    0.9347 (0.022) 0.9349 (0.023) 0.9350 (0.023) 0.9350 (0.025) 0.9347 (0.022) 0.9352 (0.020) 0.9354 (0.020) 0.9353 (0.022)
  1    0.9252 (0.000) 0.9260 (0.000) 0.9259 (0.000) 0.9261 (0.000) 0.9261 (0.000) 0.9257 (0.000) 0.9253 (0.000) 0.9253 (0.000)
  2    0.9227 (0.000) 0.9226 (0.000) 0.9227 (0.000) 0.9229 (0.000) 0.9228 (0.000) 0.9222 (0.000) 0.9222 (0.000) 0.9225 (0.000)
  3    0.9225 (0.000) 0.9227 (0.000) 0.9226 (0.000) 0.9226 (0.000) 0.9228 (0.000) 0.9225 (0.000) 0.9222 (0.000) 0.9224 (0.000)
  4    0.9199 (0.000) 0.9198 (0.000) 0.9194 (0.000) 0.9199 (0.000) 0.9200 (0.000) 0.9195 (0.000) 0.9196 (0.000) 0.9197 (0.000)
  all  0.9250 (0.004) 0.9252 (0.005) 0.9251 (0.005) 0.9253 (0.005) 0.9253 (0.004) 0.9250 (0.004) 0.9250 (0.004) 0.9250 (0.004)
  ce_ans         0.1428         0.1424         0.1423         0.1423         0.1425         0.1428         0.1431         0.1436

sud-notul @ 3000   (trained depth 6)
bucket            T=1            T=2            T=3            T=4            T=6            T=9           T=12           T=16
  0    0.9410 (0.038) 0.9412 (0.040) 0.9413 (0.040) 0.9412 (0.038) 0.9413 (0.037) 0.9410 (0.035) 0.9407 (0.035) 0.9405 (0.035)
  1    0.9326 (0.002) 0.9330 (0.000) 0.9335 (0.000) 0.9336 (0.000) 0.9336 (0.000) 0.9335 (0.000) 0.9332 (0.002) 0.9333 (0.000)
  2    0.9302 (0.000) 0.9304 (0.000) 0.9307 (0.000) 0.9308 (0.000) 0.9303 (0.000) 0.9300 (0.000) 0.9298 (0.000) 0.9301 (0.000)
  3    0.9300 (0.000) 0.9301 (0.000) 0.9306 (0.000) 0.9304 (0.000) 0.9308 (0.000) 0.9306 (0.000) 0.9303 (0.000) 0.9298 (0.000)
  4    0.9272 (0.000) 0.9278 (0.000) 0.9277 (0.000) 0.9276 (0.000) 0.9275 (0.000) 0.9273 (0.000) 0.9271 (0.000) 0.9266 (0.000)
  all  0.9322 (0.008) 0.9325 (0.008) 0.9328 (0.008) 0.9327 (0.008) 0.9327 (0.007) 0.9325 (0.007) 0.9322 (0.007) 0.9321 (0.007)
  ce_ans         0.1302         0.1300         0.1300         0.1301         0.1301         0.1304         0.1306         0.1312

sud-notul @ 4500   (trained depth 6)
bucket            T=1            T=2            T=3            T=4            T=6            T=9           T=12           T=16
  0    0.9444 (0.045) 0.9441 (0.045) 0.9443 (0.040) 0.9444 (0.040) 0.9444 (0.045) 0.9443 (0.043) 0.9440 (0.045) 0.9438 (0.045)
  1    0.9372 (0.000) 0.9376 (0.002) 0.9374 (0.002) 0.9373 (0.002) 0.9376 (0.002) 0.9372 (0.002) 0.9372 (0.000) 0.9366 (0.000)
  2    0.9343 (0.000) 0.9341 (0.000) 0.9343 (0.000) 0.9341 (0.000) 0.9342 (0.000) 0.9340 (0.000) 0.9340 (0.000) 0.9339 (0.000)
  3    0.9337 (0.000) 0.9338 (0.000) 0.9336 (0.000) 0.9336 (0.000) 0.9335 (0.000) 0.9338 (0.000) 0.9333 (0.000) 0.9330 (0.000)
  4    0.9324 (0.000) 0.9327 (0.000) 0.9330 (0.000) 0.9328 (0.000) 0.9330 (0.002) 0.9323 (0.000) 0.9320 (0.000) 0.9316 (0.000)
  all  0.9364 (0.009) 0.9365 (0.009) 0.9365 (0.008) 0.9365 (0.008) 0.9365 (0.010) 0.9363 (0.009) 0.9361 (0.009) 0.9358 (0.009)
  ce_ans         0.1241         0.1238         0.1237         0.1238         0.1239         0.1241         0.1245         0.1252

sud-notul @ 6000   (trained depth 6)
bucket            T=1            T=2            T=3            T=4            T=6            T=9           T=12           T=16
  0    0.9470 (0.050) 0.9471 (0.053) 0.9472 (0.057) 0.9471 (0.055) 0.9470 (0.050) 0.9473 (0.053) 0.9469 (0.053) 0.9468 (0.055)
  1    0.9388 (0.000) 0.9387 (0.000) 0.9387 (0.000) 0.9383 (0.000) 0.9386 (0.000) 0.9388 (0.000) 0.9387 (0.000) 0.9385 (0.000)
  2    0.9368 (0.000) 0.9366 (0.000) 0.9365 (0.002) 0.9365 (0.000) 0.9363 (0.002) 0.9364 (0.002) 0.9362 (0.000) 0.9362 (0.000)
  3    0.9358 (0.000) 0.9354 (0.000) 0.9357 (0.000) 0.9359 (0.000) 0.9361 (0.000) 0.9361 (0.000) 0.9359 (0.000) 0.9356 (0.000)
  4    0.9339 (0.000) 0.9338 (0.000) 0.9337 (0.000) 0.9337 (0.000) 0.9338 (0.000) 0.9341 (0.000) 0.9334 (0.000) 0.9335 (0.000)
  all  0.9385 (0.010) 0.9383 (0.011) 0.9384 (0.012) 0.9383 (0.011) 0.9384 (0.010) 0.9385 (0.011) 0.9382 (0.011) 0.9381 (0.011)
  ce_ans         0.1200         0.1199         0.1200         0.1200         0.1201         0.1203         0.1208         0.1215

=== P17b (does anything learn) at 6000
  sud-mask: acc@12 0.7865  bucket-0 solve 0.0033  bucket-4 solve 0.0000  solve(all) 0.0007
  sud-notul: acc@6 0.9384  bucket-0 solve 0.0500  bucket-4 solve 0.0000  solve(all) 0.0103

=== P17c (depth beyond 3) at 6000: accuracy gains paired over boards, buckets 3-4 pooled
  sud-mask: acc@12-acc@3 -0.0001 [-0.0009, +0.0006]   acc@3-acc@1 +0.0057 [+0.0044, +0.0071]   acc@16-acc@3 +0.0000 [-0.0007, +0.0008]   [all buckets] acc@12-acc@3 -0.0003 [-0.0007, +0.0002]
  sud-notul: acc@12-acc@3 -0.0000 [-0.0006, +0.0005]   acc@3-acc@1 -0.0001 [-0.0006, +0.0003]   acc@16-acc@3 -0.0002 [-0.0008, +0.0004]   [all buckets] acc@12-acc@3 -0.0001 [-0.0005, +0.0002]

=== P17d (the diagonal) at 6000: gain(3->12) on bucket 4 minus on bucket 0
  sud-mask: accuracy -0.0005 [-0.0019, +0.0010]   solve +0.0033 [+0.0000, +0.0083]   bucket-4 solve@12-solve@3 +0.0000 [+0.0000, +0.0000]
  sud-notul: accuracy +0.0000 [-0.0010, +0.0012]   solve +0.0033 [-0.0050, +0.0117]   bucket-4 solve@12-solve@3 +0.0000 [+0.0000, +0.0000]

=== P17e (the control) at 6000: notul@6 minus mask@12, paired over the same boards
  accuracy +0.1547 [+0.1511, +0.1586]   solve rate +0.0063 [+0.0023, +0.0107]
  @1500: accuracy +0.1873 [+0.1837, +0.1909]
  @3000: accuracy +0.1637 [+0.1600, +0.1673]
  @4500: accuracy +0.1550 [+0.1514, +0.1587]
  @6000: accuracy +0.1547 [+0.1511, +0.1586]

=== P17f/P17g/P17h: wall clock, peak, probes, val curve, learning between 3000 and 6000
  sud-mask: wall 3.59 h  peak 21.21 GB  val@1500 0.8014 @3000 0.7450 @4500 0.7223 last@5750 0.7136  {'preclip_max_after_200': (41.9111971592927, 209), 'gain_mean': 0.881574454164505, 'gain_max': 0.9587453603744507, 'hinge_frac': 0.2672}
         acc@12: 3000 0.7718 -> 6000 0.7865 (delta +0.0147)
  sud-notul: wall 3.40 h  peak 19.91 GB  val@1500 0.5477 @3000 0.5219 @4500 0.5087 last@5750 0.5001  {'preclip_max_after_200': (24.543359408540724, 228)}
         acc@6: 3000 0.9327 -> 6000 0.9384 (delta +0.0057)
