# wandb adew-me/morph-tul/h7gjd1or tul/pointer_cov
0 0.52086
20 0.36199
40 0.25839
60 0.24006
80 0.22958
100 0.21438
120 0.20702
140 0.19575
160 0.17597
180 0.16964
200 0.08203
220 0.03996
240 0.13744
260 0.02141
280 0.02040
300 0.02301
320 0.01967
340 0.02946
360 0.05436
380 0.03302
400 0.03858
420 0.02281
440 0.04876
460 0.02251
480 0.03573
500 0.02054
520 0.02280
540 0.03736
560 0.01868
580 0.01868
600 0.06843
620 0.02616
640 0.02160
660 0.06452
680 0.02766
700 0.06322
720 0.01674
740 0.07101
760 0.02821
780 0.02390
800 0.02337
820 0.01782
840 0.03568
860 0.03136
880 0.02396
900 0.04590
920 0.02473
940 0.02133
960 0.03478
980 0.02217
