# wandb adew-me/morph-tul/0rirjess: step ditto p_ratio n rows_built
0 0.4147 1.0286 2062 3
20 0.3254 1.0238 721 3
40 0.2126 1.0161 1684 3
60 0.1459 1.0040 1393 3
80 0.0995 1.0169 1710 3
100 0.1421 1.0062 1816 3
120 0.1162 1.0310 849 3
140 0.1276 0.9964 1518 3
160 0.1138 1.0012 2650 3
180 0.1057 0.9995 2056 3
200 0.0979 0.9925 1941 3
220 0.0810 1.0066 1573 3
240 0.0916 1.0034 602 3
260 0.1007 0.9568 2043 3
280 0.0464 0.9289 2303 3
300 0.0771 0.9695 1599 3
320 0.0291 0.8936 2319 3
340 0.0451 0.9393 2416 3
360 0.0149 0.9032 1409 3
380 0.0385 0.8986 1338 3
400 0.0449 0.9209 1889 3
420 0.0226 0.8634 1084 3
440 0.0337 0.8146 1941 3
460 0.0250 0.8496 1172 3
480 0.0476 0.9322 2063 3
500 0.0297 0.8214 1964 3
520 0.0336 0.8723 1909 3
540 0.0362 0.9181 1798 3
560 0.0328 0.9159 477 3
580 0.0256 0.7569 1291 3
600 0.1526 0.9802 798 3
620 0.0213 0.8504 2144 3
640 0.0257 0.9069 968 3
660 0.0522 0.9717 1011 3
680 0.0189 0.7539 1406 3
700 0.0197 0.9280 2060 3
720 0.0270 0.8699 831 3
740 0.0181 0.8494 1951 3
760 0.0256 0.8427 1351 3
780 0.0249 0.6985 1048 3
800 0.0335 0.9149 1774 3
820 0.0341 0.8965 1316 3
840 0.0504 0.9145 829 3
860 0.0209 0.7750 1979 3
880 0.0152 0.7426 1784 3
900 0.0211 0.8754 1566 3
920 0.0258 0.7906 1531 3
940 0.0149 0.6149 1944 3
960 0.0139 0.9146 1386 3
980 0.0251 0.7320 1577 3
