# probe.jsonl steps 470-490: preclip/total preclip/core preclip/prelude
470 12.75 3.051 11.64
471 9.48 2.175 8.547
472 2.984 0.7576 2.153
473 4.245 0.7253 2.82
474 4.522 0.4816 3.24
475 7.3 2.04 6.406
476 373.1 373 4.189
477 1.599e+07 1.599e+07 372.1
478 3.538e+07 3.537e+07 188.9
479 3.685e+06 3.685e+06 9.43
480 1.536e+06 1.536e+06 129.7
481 7.136e+05 7.135e+05 89.24
482 258.5 242.6 85.34
483 31.59 31.11 4.587
484 5.974 2.604 3.7
485 4.858 0.8574 4.189
486 3.62 0.6505 1.926
487 3.902 0.5516 3.286
488 8.077 0.8578 7.208
489 4.458 0.6773 3.594
490 4.607 0.6929 3.159
