[data] local arrow source: 80 shards (first=openwebtext-train-00000-of-00080.arrow)
paired 491,520 tokens (full 491,520, span 491,520)
offsets from budget_web_full over 480 rows; 480 paired tokens have none

depth 6:  CE full 4.0394   CE span 4.4389   gap +0.3994 nats [+0.3838, +0.4162]
   offset      n        gap        95% CI
        0    24,338   +0.2826  [+0.2622, +0.3025]
        1    24,584   +0.9580  [+0.9257, +0.9921]
        2    24,546   +0.6899  [+0.6437, +0.7476]
        3    24,504   +0.5910  [+0.5581, +0.6278]
        4    23,343   +0.5082  [+0.4834, +0.5364]
        5    22,646   +0.4479  [+0.4254, +0.4728]
        6    21,799   +0.4021  [+0.3772, +0.4263]
        7    21,034   +0.3672  [+0.3479, +0.3890]
       8+   304,246   +0.3149  [+0.3025, +0.3314]

depth 1:  CE full 4.0673   CE span 4.4689   gap +0.4016 nats [+0.3863, +0.4187]
   offset      n        gap        95% CI
        0    24,338   +0.2886  [+0.2680, +0.3099]
        1    24,584   +0.9357  [+0.9035, +0.9699]
        2    24,546   +0.6741  [+0.6289, +0.7325]
        3    24,504   +0.5815  [+0.5504, +0.6163]
        4    23,343   +0.5094  [+0.4856, +0.5379]
        5    22,646   +0.4466  [+0.4235, +0.4711]
        6    21,799   +0.4048  [+0.3809, +0.4283]
        7    21,034   +0.3663  [+0.3446, +0.3864]
       8+   304,246   +0.3217  [+0.3087, +0.3378]
