paired 491,520 tokens (full 491,520, span 491,520)
offsets from budget_web_reach1_coda_s2 over 480 rows; 480 paired tokens have none

depth 6:  CE full 4.2893   CE span 4.4014   gap +0.1121 nats [+0.1079, +0.1170]
   offset      n        gap        95% CI
        0    24,338   +0.0759  [+0.0671, +0.0837]
        1    24,584   +0.4687  [+0.4507, +0.4903]
        2    24,546   +0.2313  [+0.2097, +0.2546]
        3    24,504   +0.1722  [+0.1558, +0.1901]
        4    23,343   +0.1507  [+0.1389, +0.1629]
        5    22,646   +0.1287  [+0.1171, +0.1409]
        6    21,799   +0.1125  [+0.1002, +0.1221]
        7    21,034   +0.0948  [+0.0834, +0.1047]
       8+   304,246   +0.0688  [+0.0651, +0.0724]

depth 1:  CE full 4.3256   CE span 4.4344   gap +0.1088 nats [+0.1045, +0.1138]
   offset      n        gap        95% CI
        0    24,338   +0.0742  [+0.0649, +0.0826]
        1    24,584   +0.4515  [+0.4350, +0.4688]
        2    24,546   +0.2227  [+0.2036, +0.2455]
        3    24,504   +0.1651  [+0.1490, +0.1817]
        4    23,343   +0.1431  [+0.1304, +0.1560]
        5    22,646   +0.1194  [+0.1065, +0.1325]
        6    21,799   +0.1100  [+0.0974, +0.1212]
        7    21,034   +0.0946  [+0.0824, +0.1041]
       8+   304,246   +0.0677  [+0.0638, +0.0716]

wrote lab/experiments/results/2026-09-22-coda-seed-twin/span_budget_profile_coda-s2_vs_span-s2_5000.json
