paired 491,520 tokens (full 491,520, span 491,520)
offsets from budget_web_span_s2 over 480 rows; 480 paired tokens have none

depth 6:  CE full 4.4014   CE span 4.3975   gap -0.0039 nats [-0.0062, -0.0013]
   offset      n        gap        95% CI
        0    24,338   -0.0020  [-0.0087, +0.0042]
        1    24,584   -0.0090  [-0.0162, -0.0015]
        2    24,546   -0.0083  [-0.0188, +0.0014]
        3    24,504   +0.0033  [-0.0058, +0.0143]
        4    23,343   -0.0001  [-0.0094, +0.0108]
        5    22,646   -0.0045  [-0.0147, +0.0046]
        6    21,799   +0.0048  [-0.0029, +0.0142]
        7    21,034   -0.0096  [-0.0195, +0.0006]
       8+   304,246   -0.0043  [-0.0073, -0.0013]

depth 1:  CE full 4.4344   CE span 4.4300   gap -0.0045 nats [-0.0069, -0.0017]
   offset      n        gap        95% CI
        0    24,338   +0.0064  [-0.0006, +0.0140]
        1    24,584   -0.0047  [-0.0130, +0.0044]
        2    24,546   -0.0131  [-0.0235, -0.0022]
        3    24,504   +0.0034  [-0.0067, +0.0143]
        4    23,343   +0.0056  [-0.0036, +0.0154]
        5    22,646   +0.0025  [-0.0070, +0.0121]
        6    21,799   +0.0037  [-0.0059, +0.0141]
        7    21,034   -0.0142  [-0.0242, -0.0031]
       8+   304,246   -0.0064  [-0.0096, -0.0032]

wrote lab/experiments/results/2026-09-22-coda-seed-twin/span_budget_profile_span-s2_vs_span-h_5000.json
